3660777
6626725
4304417
4152151
4312281
1667828
1439198
9331854
1010473
675944
8191400
8462629
4099049
2636935
1125545
9906256
8144973
3742038
2406568
3352663
4444105
8823675
7117462
6920374
8488323
7969320
5377817
2909222
7960708
459950
5361058
7947170
7167917
5939432
6636263
4672419
6856119
1083242
601766
3147836
2450071
1212397
4718826
2952266
4666643
5249810
2387061
436793
932206
6246309
3220219
3000471
5411321
8639650
5170646
6949365
9622216
7871392
9622981
2587761
923135
8429489
9590587
1433505
4820266
8862276
2988556
7101794
8633080
7862273
6722377
8966727
6372696
222904
8962750
7220981
9509582
4476371
3264894
7612236
6179074
8568803
7061254
8009523
4197048
1240869
9937891
1998939
1113482
7000908
4437658
7109592
2709940
9058782
3273628
51317
9165264
3332075
8258253
3898462
5304863
8978769
2890058
6341212
1073908
7924753
2316818
1012117
4689604
8785812
2883122
3462453
5513467
3142107
1203284
4312547
8861353
4905024
3631035
8167328
4242005
8384536
9438258
1697288
4153255
5135853
1139539
9779496
1929978
1991196
2391224
5053351
7391510
8200033
2718298
6984330
3044575
5134190
1132655
7554898
9636673
6129592
401529
5999507
3211555
1652521
2877561
269936
4106732
4815922
1774030
692998
9490100
6531140
1398114
5537483
3956488
6433723
4463989
5281007
1325101
2272661
4922697
3827731
9331897
5053805
9518992
4186833
3685872
9089779
3072048
8332899
7867395
3852039
9218004
7903814
6217208
7300554
1429229
365129
289630
4463055
3957401
4586900
5554247
3925712
2661182
8771956
3943636
791652
4385988
8866623
8847393
8415448
952259
6910317
6895485
3454805
3976664
4097883
7628158
1589167
3146791
5536352
6312193
7486537
5168282
2754227
7698646
2124269
3365034
3784266
3242134
8059339
1444157
5880749
4068565
2070781
4290249
4916947
5740786
3769920
5359855
4725994
5611015
844998
8747737
774734
9793972
476947
3786109
4977871
6190801
1687086
1341378
550773
220030
4870513
7706000
8707578
5553224
8514281
9097328
2691334
2832786
8178864
4713570
1614667
8140973
6601217
5101589
6253193
1410858
3775960
1957246
7037588
5112941
256668
6289610
7630977
9186802
2060988
6097895
5422694
883771
370631
7366871
6188039
1656367
6113629
2617142
7685473
2609768
7723805
1080802
2493231
1678421
4825117
5595101
827220
16400
3346340
875657
4576538
8678549
2992591
3907225
8747169
4821849
1171021
7794844
3640516
4573513
4248140
2872130
192932
4335500
2628195
7552712
2817419
1672295
5711249
9504475
4581497
6575987
8827354
2455307
8742740
5837479
7072985
679253
6258053
5514862
440694
1692221
2806190
9971566
1326736
8400022
4866752
9348051
4217786
5276076
4310850
339576
47801
2067538
8978602
172284
3682957
3063836
1130511
3874407
8931689
9126239
5022763
8951506
5852076
3477541
2821348
3101045
4880866
2934534
6704053
5367244
4788699
325743
7365793
1636575
4664752
5110055
6651444
2218836
6019224
609802
2801365
2159589
4542650
3898082
1149526
4945419
4979595
2457143
1484212
3714369
9852837
7962324
8064839
5698812
8094415
5318689
6411938
5580776
8785887
2117007
9325250
9564519
1305851
6350823
1392073
23356
5629363
326378
5671406
9453569
5957667
9977449
6065211
196206
9563382
7466137
5122250
6457836
4932600
3291478
1242370
9382239
4859920
9011558
4598926
2571257
7081216
3323692
9380719
4861235
7067679
7370593
2095847
4165086
6664831
6826464
3358285
4011177
8259327
8530123
4938797
6301289
2593758
6960292
9865323
1358574
6632661
3804341
423718
9689730
4543087
9741663
9564741
873887
836394
342868
6885898
7419247
2288273
2756121
9306237
9749756
5817392
139383
2251210
3089336
8668855
301729
352683
9535716
6588241
9429352
625652
3573443
1965768
8163802
6243683
9377099
643578
5375345
1841803
7241543
646513
8877311
5228843
5238846
1170007
4226537
1701410
9150967
7260369
3796380
6870357
3186288
163815
9315966
767429
3749227
5498482
3944291
5952624
8881494
8537221
3324573
5309039
40274
3654245
6581074
2941486
6435473
2355723
6780583
2828163
1262731
4387963
9189234
4918241
2618586
1534813
7560311
732401
2420897
9986460
7763050
1199054
8708000
2312556
2057220
7708225
9455965
571335
3356184
4109500
1244446
8391819
6675245
2260751
5007227
3488706
9933190
2274647
631378
8758555
7019291
3534770
5874293
1809266
6314610
2761156
2065678
8212407
1042103
7905375
9737958
7352559
8255289
4072032
766725
1526822
5628213
7988478
6403993
8288456
2259983
8697524
2912911
6568834
9458157
9056945
7709638
7391367
1137100
4397007
6087707
4269577
9436845
3152137
7899531
3756063
1381525
8361400
2186359
7203937
5031085
3545291
2512658
1839697
37909
8381145
5912530
2855089
2409906
9663022
2795364
7627803
2770661
5921029
7230827
936111
5285829
5925561
9228160
745094
1613478
9841095
3943654
4245710
692385
7091620
1174563
7659285
329356
4478166
1592115
5147534
6215734
9598860
9306706
8289491
4763678
2837267
195770
9297644
8720755
3942384
7594286
7813961
6801489
2798429
1535303
7034348
9602759
4179622
5105951
7752850
9959757
8586304
1788401
635283
9611067
2971149
3980358
8971633
2675415
3490829
790632
8831530
7260751
4702817
6907324
6487730
5643042
7611503
2846384
7635046
49019
2690713
7500783
6323505
4597214
4367056
9471181
834332
8261113
9231189
7482751
1632266
7399322
7224583
3445720
2943274
142953
5397842
9690572
1123537
8786234
2227294
8236072
6221131
9316046
3288378
6692444
1456149
8416008
2280637
4980912
9773214
2220023
8872250
8691763
478164
5553965
2466616
3901771
6300349
5821425
4567496
8992014
9080480
9893949
9059140
6095349
8415937
786170
6458867
8604136
7512781
4222198
8300289
6027638
5131925
6823782
8945604
7423677
3211480
9478895
1888407
4553765
1418955
4116564
2355450
6124651
5631845
8386064
5398398
754967
5374617
6594779
8431592
2313827
8878534
2436950
9772354
9296275
2009861
9022511
5620467
2873562
407268
8263734
728309
3318166
3984061
7628287
5928883
5200607
6037896
5767732
9654232
9649374
501977
999383
2513039
5990993
3998819
5550275
3398336
6108941
7763080
5586055
9138918
8274201
6634070
1586841
4005945
4229670
9261468
8168112
1229048
7437292
6791704
1202390
8077400
9668254
2597546
9024736
6879904
356669
59352
4455670
5716154
8098241
3761705
9806885
4626478
9398309
6181063
3064846
9477892
8070197
9634268
7216571
4083747
5772561
9804721
1786493
6080495
9075314
7710838
8665517
7277621
9296437
4738229
5585876
3606463
9282970
8008053
1491779
7077843
7316428
1330905
2533177
6992341
8921797
9969672
327918
2765574
8718519
4488071
8290172
5783007
7771541
1207996
8987130
7911176
2179812
2543111
154536
4700930
5852138
5200809
7419492
3899956
5168646
4741777
2617182
2871675
584931
1851770
1712531
4186551
9143866
237426
4007174
5221689
2005375
8611017
9453116
4962364
3071139
8663191
6713985
7779247
8823564
3580511
9619715
3410736
3200665
3275966
1396238
9818258
6745439
9464106
3282536
4441705
1369965
8350200
5514231
9487608
3402514
9393589
5256439
3274058
8992217
6269960
5208450
3679584
5390426
5726964
3261104
2654671
8286997
997444
2497312
2997332
6138866
5627969
6440981
4346827
9724943
6412502
9933469
8564509
1382015
8893080
8913857
9486213
7272988
5963970
2106456
9529742
9593322
6410453
1435128
6088914
3644635
9517004
5249260
3615080
4886503
2415145
7717422
4290625
7322850
2695361
1675263
237557
5527676
8101358
9165031
7357939
2041969
8171586
9529053
1308589
9705309
6495465
1190541
2805566
3395729
7769543
3574098
603128
6210816
6160
4484283
7685446
1447929
9617910
1350624
5077202
3273858
7495694
575743
2253505
6910231
1374186
7677226
3525001
5699796
8161468
3066849
4172201
2115976
3365958
5010673
7224613
266856
3171828
4264918
7683576
5885638
7612204
4758258
5280572
5831681
52018
5468148
4255630
1170317
6878231
5146652
1471201
6393123
3122499
4623599
5288943
7068898
8211223
5965249
8549983
904057
398567
7885949
8019922
6336583
7637178
6979414
6947734
4641654
5004418
4200040
4486938
8194749
5368457
7502539
4502417
3901680
8966640
3210739
347078
2648771
2159017
7757564
8326564
7201549
4353580
6413320
2947363
9989530
7994022
647717
4166640
3309539
2445429
5918240
5885670
8953383
8648995
5518434
3296261
9711684
3119326
7506224
9705229
2683184
9126424
1566079
7403363
7118026
4734986
2237488
338975
8092770
2534710
2292380
9258750
5766361
8487617
5363850
7217251
9560357
9978295
4543519
2497470
1475484
1805714
7411748
4010079
8018946
3413464
354017
8354321
7947665
5326651
4379193
4832711
7428892
7825541
7759490
8995216
6321787
5943256
1493051
2582954
7227496
7332164
8384731
7110130
5825830
7402225
6518174
6433224
9834679
5757296
8924268
4402592
6852729
3563294
926489
4837966
1529596
3814915
5893530
4878080
2826279
5423776
1907202
57036
6864677
3998262
5428114
4437913
8315544
3359074
2644706
2465962
2550423
4208093
1992822
3887263
3887736
8241661
7208517
3434047
9952009
249011
5389211
6990121
3616793
5522432
8172368
7438162
5489209
5076961
5932835
2986134
4021878
1851925
7059124
4386639
544474
8997884
7756104
1212586
1198046
7765131
4032664
5558915
1241336
5988915
8690170
9163674
4744707
8046171
664178
2179699
4580350
2599014
7018814
9328079
6870748
7646626
4118087
7056616
2947178
8819364
5592069
4536496
3661318
5424726
5569203
1426112
1535193
8675200
6321504
355743
514176
9714318
8479118
5610103
6641331
4595867
96738
1494679
7003076
710916
8946715
2227880
5544968
7890208
4869413
5330514
1760922
3872268
2441832
2810819
6452863
3655057
2124369
4766979
5872325
1065736
6073669
981258
4094439
6012165
3845945
9176061
9334192
7426406
8512098
4860132
7056002
5962780
7136049
2082297
873038
1272873
1106197
2934373
4055034
78764
9047947
3156357
1837968
8744394
8765760
5537554
3230727
7762140
7960443
5925490
1684764
859693
656463
6388683
1795741
8365571
2614618
344374
7091169
785178
2408954
3498729
7582341
5137176
9588898
4825297
7552538
1862113
572158
9200155
8056519
4654633
6404817
4135959
5096970
446997
9937762
540077
7386026
4518095
5674408
3900323
5879349
7691622
5869720
7325860
1884529
3080477
6347294
2239703
2492050
6962184
2934896
1591830
5912045
8278461
1997843
430478
5062623
3527138
7704881
1607829
7826458
2064112
6514207
6434562
7445236
7905384
3115249
1848078
756513
7268140
4853433
307083
6531637
6922918
8136322
8152042
352276
5125611
2681640
5025669
4704994
643142
2333218
3847956
4065142
870337
5151464
2589254
8379249
1663216
6407544
7445518
1933188
7156453
2252291
9861964
817697
5350173
9508714
2999000
7474162
2802234
6674926
8769981
6369216
8267583
319808
9164131
5557744
5032314
2614878
7868813
1066279
2371996
1989103
6596356
4993996
8211481
2209870
5727374
1718639
233397
3389679
4084307
7593610
4254338
610510
941112
4403238
1316173
872086
9494832
8444399
1848621
6346900
4990708
2468127
8607621
1095552
2208607
3822045
9685654
3626207
9556648
705356
9515945
1391332
177423
6845492
8592666
1159746
7681485
3980028
8992009
5136856
3673917
1494505
65931
9604518
8602627
9243181
6806402
4579116
9745061
905881
323825
8288355
5075880
7261116
7613932
7435996
9940903
109955
3457220
8239457
6400563
8304079
394183
6763297
6503658
2583583
5219257
8034054
1134020
5324449
1152277
409708
7230659
8006166
2121485
3967040
4753868
7101313
614184
1960948
9322054
6699208
361767
4851275
2024627
409465
2501312
6195203
1047500
7659979
996910
2481108
5104283
5296590
3799232
1812030
9969222
5654329
1673270
9076106
4887040
51332
9317654
8835842
2018645
6671842
804082
8115409
9110697
3811592
4996848
6669949
7354633
8528146
9238676
1544533
5984830
470356
5216819
3468634
5996300
6887898
222432
454232
2708976
4145126
197145
3357045
2948767
6913953
2545963
5750962
5415426
9390131
7111364
9955464
7804346
1379721
7471345
27229
2605071
686527
5293303
5454438
6225616
567218
9598794
9290057
1464502
4947801
8433297
8571956
6252618
1742407
1750305
7152512
5079990
3214863
6802900
5914012
6577100
5256222
5524491
4664512
1857672
3948176
3047008
4241183
710199
7019684
4687205
8705740
6084991
4909463
9577829
6260351
2459712
6588492
3439585
4021485
5825423
5979970
8762584
6802766
4929667
5975554
1715837
8326501
5709996
6230244
8866530
8904378
9926450
4789084
3051054
5892083
5279933
2079632
8964116
6493200
9456055
3684793
6515558
6411552
5198449
6150384
2642448
4099492
6451674
9111627
3159522
618324
7987001
1572103
2653538
8601628
6715074
2548830
9400360
1969719
3581690
7466367
7618152
8311625
447605
4948084
3032297
3055770
3498667
1022373
3100650
987443
6059460
3518983
8919588
5718690
2353780
1073283
711066
1709355
9526212
8229809
4247189
7360637
685182
772834
978892
240916
2037272
5563214
5788574
2359579
4058003
6297171
9638975
8580728
440282
7167549
5571526
457450
8941665
3148672
5484446
5742731
4080056
3235194
3703395
9485092
8529685
9021173
8827665
3965355
1430495
6106037
9750709
1355150
3415910
8828644
1823718
8770880
206958
4105928
1822229
6445003
5605057
2145900
8198684
5690060
3181667
4840295
5751547
1988042
9606658
2026579
3202585
1798867
5506683
1397177
1274752
4943318
5463138
5741276
4529803
9774499
9392092
5455030
3377705
538458
487173
389065
318460
6449516
3544609
4291542
3140725
242674
7794673
6874728
4603272
6165690
6470350
718630
7558382
8830787
2016062
5989539
3766722
6850262
5250472
7767981
8066581
5301713
5266058
37383
3438282
9907063
5622783
477397
388620
6899089
7273967
7015724
6394522
782430
2449332
8515227
6808315
9689843
296634
6761925
6481480
1532010
6132203
9839507
7485603
4630278
5547164
5030564
6151970
5284465
7289394
242712
3708250
5467032
3167490
6155496
4765708
4691971
5578438
6270200
2057669
1113966
9102497
6138272
1337900
2768067
172830
8344870
2510505
7785835
3035097
8509665
7142538
6796712
3251267
8960176
147774
5451057
4636047
7739234
6903859
435724
19106
6519012
9825622
8387703
793253
378719
8513372
2233168
165242
5037998
6357006
8092610
765334
3465207
2471207
8590395
5785015
4659903
958959
1518875
8556635
3596072
8394173
8827227
8805478
4778104
777100
8481759
4722644
5146885
6222815
5283676
8730325
6929620
4424013
2168421
6082327
7027652
4356810
5585587
8185126
4315484
6158826
9021220
7818027
5794808
3922228
3497435
7240423
3864639
5792845
1266140
222524
4541771
1388592
5048805
788026
3482733
1923792
8927957
2946071
8704720
820599
1099956
4573107
3908650
3956748
6774789
4317906
4981644
3838017
4043118
5247853
4484927
437620
6143481
5361241
901945
8882685
292199
1386187
4194041
3752894
503613
9066089
3733961
3587942
1249904
1090733
5994298
6834860
4583658
5847319
3307932
2792898
1271848
6604172
1035049
615835
2829762
9934777
820850
4619783
2211486
3608666
3394256
5215903
5041631
6531283
8228394
9743589
5839803
5040507
6733908
6021609
3338325
3805046
74870
2423847
1527002
9822038
3170730
914569
227698
5968698
3555384
2465224
5898224
2506409
6338149
3493735
4974183
7482981
7041576
9423524
9635367
3780490
8688093
6250816
3483119
181656
6071871
4475645
4128504
3864671
7895405
5845029
124105
7346852
641405
2468312
3296971
3414772
3456050
1126740
7908632
6255631
7584251
3564995
9826016
3540612
1977125
6177640
9737718
6533271
8977039
1117146
7542459
6355076
5034190
9093376
4432052
131798
1176538
7414003
7763101
9976259
5384569
1302786
5281395
8922564
4225839
8224182
4675499
8393717
7808357
1358324
7868246
9416181
7592757
9458940
5059018
518146
4972845
5323228
371029
6637427
4202668
4933982
7538473
5556124
7629453
9963457
8897372
5378758
793576
6936536
4314827
1169153
1739737
516372
4682198
3674853
900472
7095064
1732766
9600158
7901855
9955156
1452635
9252910
6433294
5555909
5741835
8560849
9184936
9128304
7013055
9247038
3322776
2747421
1476528
8684889
9475198
5416784
4530269
2370169
774204
1207153
43180
5932331
7565214
8132010
7256233
1595510
2391642
5085671
4167928
8378064
7710689
5713747
5172515
3542939
6144010
8733881
4484159
4999964
225007
9703148
4411259
5061175
2497471
313810
5026697
2086554
6986965
7642046
3021538
8237385
927277
6205093
1924270
3714184
8709452
7565427
4955847
380212
2708635
603740
8764211
7422142
6920316
2264173
4136942
4452685
8615950
6592274
7698012
4403462
4507857
1092325
3625444
2577436
576588
5918863
9031146
9546035
8075647
9553098
1415139
3322918
2067016
6518546
3045064
5314763
8746627
6698696
9589970
412799
8451475
4744646
9432397
798583
3544287
98561
8571790
8677873
4536132
9868994
3332681
9123685
9319809
1395962
8845051
7743822
3636222
6014839
9800446
7334299
7246980
1259646
3938146
6180580
5776831
4483182
3054932
7304355
512749
1271701
4413989
5690581
743006
8632647
7362705
6780902
5414211
6845991
6170966
674707
2377632
2458927
2203100
5144028
8107961
51597
6994134
1125126
6266528
7825067
6323799
9354459
4071814
7378335
3023469
5002995
9793258
1001043
5357373
1805131
6160504
5786770
2244503
3524275
7239735
4227010
2906296
495192
8522704
4221876
3624060
740573
8126167
6427260
4203997
7352612
7728959
752207
7213200
7971781
348518
892117
1853372
8641315
40057
8779309
2117540
9512867
7892265
5334816
8008269
9203936
7467582
3995878
4611511
9438196
9576015
4613640
8028480
6196197
5175195
3866192
6334345
7132715
5670173
9268448
1475676
8187584
7783105
3552716
9010798
4088327
9002316
9172356
1023230
8095566
2843734
6241672
4726700
2999305
8107708
9267319
3774353
310513
5297000
2462413
5992473
7110315
5412110
8407234
9464823
5687992
1674595
9340837
7571174
1479186
7475613
5499661
6096098
7026910
6907499
5360510
924607
461374
8826
7595406
5126849
7685790
7486945
9313886
7352235
4970455
1768979
3243962
9461408
6395205
763814
7117010
4083642
4060716
309720
3473805
3361880
2132468
4520137
24983
1847316
2418375
5178847
4251949
7866093
6647439
3908780
4334159
2186685
7034010
9936871
2442982
3215701
6464568
5892534
1463214
404296
1108326
2759306
6122267
8501578
2481731
7352228
8493949
4428939
4208932
8600650
4035986
9291649
8976531
2534651
1029975
2629551
9480348
1692535
5416669
5477745
4244507
3192192
4269890
9095658
3417578
9186955
9196919
4524948
954308
1821912
6557154
6664827
6556972
2560300
4903265
4632421
9277960
4862875
1182555
26364
8555141
9043356
7877318
6631284
4191054
6028111
2069786
1155357
5315477
8429686
7195007
4150931
9104011
7216129
5506299
8424005
4693915
1170174
2340182
9926911
3633482
5344950
4723128
759159
7644546
9517505
4163033
9344045
9571687
3257791
8402968
76559
9630454
3981071
392162
4571611
1706439
922881
7465850
9265271
1472988
5889941
4821233
669925
3244169
6811827
8666791
1774140
2890753
8510632
8798713
6070971
1205430
1392961
3787580
555365
7959196
3144374
1905840
1990640
2287204
7385493
465922
8897645
5652855
5205385
3520745
4585877
1759620
1788217
7800013
2166498
5760546
1253852
401777
3947279
1425312
2175679
3963452
703355
754103
4488784
19084
3377005
3946416
9588788
7643422
1694230
3938460
2088163
734945
3940205
2702557
5331160
8278500
4206210
3157778
4139218
2480855
3861653
6575079
5603128
5981153
5933324
2755568
4799905
5450138
1319335
558630
8740646
2922049
2156622
40223
9997089
4361731
67075
1419089
6944269
840213
4694991
4413305
936133
7667095
5002183
6343157
3340261
4799259
7714016
375347
8526994
1624938
8901060
7470018
1110618
3880082
2298576
6008343
8191630
3913585
9299138
8495525
893386
5314309
331026
3473040
7686713
8190807
567081
7103811
7763709
1669224
7618429
3686597
3985213
5203685
7892443
667557
2007769
766128
8384381
1154509
8056240
2447323
23584
9445572
1974520
9884446
4543030
7681430
1714929
4494692
1065394
5363263
4759726
4816596
8860009
7352893
3482100
626446
1732422
9355332
9897806
2359025
4331634
8181897
5232929
1171500
1575176
7352748
8855955
6381408
8949961
7602028
8630494
3413713
1053282
7246543
4546049
9324360
8267667
3503395
8230393
8322342
8579173
9164857
9863194
7302528
4176008
8159332
2446723
5937785
9383727
4578800
1203157
2871985
1680283
6914275
6906697
8163315
9813726
1561534
8332931
9070643
2371224
9992515
233754
4138314
8197567
7367863
6956411
6192953
9958329
1162335
303078
3948835
6809889
3164587
6084340
5691073
1227671
3162564
555589
1487452
9708638
6059756
8213966
9267340
1723745
2984738
8354962
8813155
9859697
2241563
836391
8869688
8078877
1042095
1489540
893521
6520045
1583504
4293229
2388515
993737
3226041
9027003
2102352
6529188
2028467
3779524
6550606
3316878
7874849
6266700
679590
4115828
7594361
599275
5343439
3485895
262301
89676
6880077
8183312
6571656
240388
4016712
336274
3456923
1941683
8636574
7666331
3612260
7560824
8928083
4814977
3972576
2274412
4224516
327166
6086710
9735520
3545850
6457204
8460550
4388363
6566316
372206
8942787
7702854
4888816
3786967
9724701
5215638
6499138
3674937
4517782
2336618
208032
3769727
7151586
7208375
9546846
1785465
9005396
9801673
8931001
3972880
7517070
7321318
181940
7919730
6662220
3857493
2543445
9645716
7818682
3214153
3297612
5593933
6159194
9040554
7734194
3474952
2693805
9637400
2531191
6107711
6137373
3996566
2929545
2509264
3257072
1308977
9269536
9128494
7503034
5725171
5895047
1910682
9161139
8677538
5835611
5386522
1091593
8145528
8272260
4130772
6179023
5560767
3850534
8381519
7882617
9724786
3028800
2009297
7434767
6803771
286359
9926512
3962100
2828070
301113
2663630
6980245
545112
4444693
36151
901729
2460462
3509238
7806638
6306857
1828105
9373170
1191622
7198972
7569908
5308899
3591598
5071487
8366515
6393689
1954103
2958175
9846453
8310903
3361514
1756497
4891674
5254186
3820645
6040649
3162338
5834531
3599937
5467875
4430697
6494859
4539900
7484892
5062624
906660
1045139
5352478
1217345
6231757
9681456
1361721
7632806
5755040
3936401
3187514
8873718
764098
2948143
5648416
2068854
8559642
5590559
7777007
5016322
5035386
58374
8234156
4249952
6235516
3334768
4298435
1977120
6459919
2660558
8665033
489805
7493131
7432340
9353459
7887788
9732313
2081476
7638516
6096381
9612141
2085146
3505287
8505759
6707505
1459163
1586819
6641288
5957135
6655476
8426974
8315802
160797
1576392
2262581
4349405
4837520
4643249
7072014
523931
7499441
2939135
7237795
1029971
9791359
6434910
9816402
5986592
1361525
3506443
924758
2473779
3910575
7590958
7436804
2902631
3008084
9376406
4964112
912704
5347966
6344501
1839804
6496258
4775451
6528122
4886310
2641255
5030238
2555223
7118646
5090426
2920679
9855060
8756619
6352329
7279766
5303173
4777353
9746691
1383572
8351324
4508339
6519306
6475897
9326965
3930572
4489181
9068800
8839202
1115357
1792173
5156953
8498646
1004545
8475428
9041082
4100619
6272198
9337786
8900265
9979628
6810872
7146127
7574238
515478
7541716
9422692
5445415
2706024
3291085
967030
8983171
1589985
7208598
478770
9945420
6753980
168318
2327750
9749252
7211001
5418872
1724226
3059919
1315834
210322
7293022
2499799
3609313
8193098
8544544
4160131
4132776
4539230
4641761
286001
7353931
5913089
9006982
9187777
6910176
6135327
6878022
1986548
2640925
3637768
8994440
3400141
1634846
3069356
4150239
3431972
2957787
477125
7869688
9516379
7875070
594621
4752084
6100244
1331930
1754577
3585796
9805749
9772262
6182992
2843788
7216547
4221586
9773394
2993390
9105233
2119360
1301064
4006944
3869818
3214747
9266158
6952089
4999061
9297843
6941798
1693980
9393948
2263687
5215
4793397
9880232
4117589
8322932
9181817
8365563
2686530
8434614
1079180
2568124
8515185
2127560
7157628
3509700
4356605
2389498
2180730
5848502
3696012
9019220
4027978
1057166
5048620
630376
6837702
5569803
5312318
8589388
8735054
3556059
4758556
526582
7693475
4345443
6800057
2080799
1840693
1358121
3689878
9464919
2717621
5958874
339533
1315869
3961145
933
1670265
1042903
5695896
5085113
4747377
6566195
7212193
1488560
5643985
8963453
9474508
3468376
419486
5759542
1565863
2465738
1175934
3479072
2739615
3992574
2837414
1932268
7409651
4686291
8929332
4986183
7630674
7828937
8405617
5953826
677650
9943916
7514729
2354250
770547
437236
9180920
2274604
5059842
9872743
814071
7837328
5508107
4092400
1419516
8374841
7278122
3906982
5007489
2112626
1194939
5076827
6965339
629925
8048478
2755397
5905748
1750908
6699793
1359648
7345117
8586675
891824
3368279
3504986
6881717
4399519
5019606
3005625
8415842
5524995
3099123
6141293
3262289
4071981
1390890
9039573
3361142
2504664
9064870
7955668
3211974
6888683
106639
6844161
567143
4217563
7508163
3751562
1071076
4026119
1617683
5490507
4535600
6512542
6371124
6947453
34947
1906095
5593593
984141
7870203
3397298
1909125
8319604
9542385
3166452
6314795
2857662
6644830
7568840
6940209
2712587
1433987
4390244
8366276
6835221
1152368
2556102
6856746
8827720
7243285
8072561
6883716
3696394
1904482
6937000
7275178
2614353
5619578
1489926
75694
9358698
7237909
6226551
8196986
8660867
9023950
5641390
2807819
3612834
1406289
7736762
7530668
5242869
1774485
5733227
2424472
8284462
7738440
2211814
1888247
6716079
3136043
8006843
3045238
9267595
1810996
2721692
2975291
6702091
9169765
50148
6740930
9534963
3948044
8396278
3285117
4301022
5767703
2227435
7807714
1488317
733174
496747
8074030
4509493
831030
3510937
6715716
3704868
9736155
7772647
3384470
9070046
2330767
9464110
7178279
9899035
1603841
2804718
1628415
1963042
9591361
30502
2516093
5321420
8719811
7412816
6429398
7847668
2294005
7820125
7447659
7255843
5688618
3964170
6366593
4082750
2810713
3553186
4089392
4918434
1287851
8475752
8138510
6160529
4535320
6847733
1038405
9802701
2118186
6064595
3812967
3034144
5748641
6926563
6467294
7506545
1253164
7301424
54871
5026109
6500076
1367771
8302666
3688467
2697131
5449719
157067
2383453
2034067
5981002
5065235
1558886
7230957
4326548
6504826
2169550
590513
5207857
7465077
3078202
1254243
220492
646397
5025745
4661720
6870140
4795173
7424737
7741238
3839986
6342706
6668761
7632500
6548654
5075666
8625959
6383153
4923837
6154229
5037747
4651934
6213604
757699
7637522
2114992
4150278
9608475
7693656
8651911
2147088
2558670
9845753
7150281
9685524
2484162
2979730
4870445
2455646
6275095
9496136
922775
2788921
9974581
6501490
1539029
9323306
879117
3787979
9075605
786846
3932972
4948749
309313
7990252
9341867
2836210
4799223
1604817
6268524
384013
1204005
4334373
1143739
1495574
9463323
9288372
8151599
4886072
1466657
4142173
2856630
6060199
1590261
956712
7263030
6933862
8331005
3627566
5986405
2520063
6443772
3115252
8118109
9475631
3183119
46263
8738131
5453327
7907617
7354783
955881
6989513
9865461
7266011
5966843
2836687
8008206
9386473
375315
7049418
7211964
3675097
5704563
1280675
63715
4512617
9781712
9802799
8032983
480117
4550922
4819340
9897466
3051749
8690831
9869112
8234394
7577995
5756283
1431555
6915813
697496
3301180
1676758
7341848
6437530
3844626
6071634
5016976
6705730
2837039
6168926
8630901
9119483
8663165
3683746
9777319
3687072
6872414
5616780
2402451
9886176
8652766
9548515
4036762
4543984
702572
3867068
4733166
8956429
3664310
9738964
7080662
8564033
7342115
721947
4525431
6669744
4372865
8698926
3676961
8682932
8485347
3277592
9108587
7829640
3389653
646155
7899180
4661319
9331938
8242575
3196554
8336180
7661226
4371035
2725456
4663828
2219416
4376872
8358481
9083640
1627344
605112
85974
8393937
115077
4750040
7718797
9337937
6946466
6807965
8611033
3195481
2729219
8963878
9761272
7237003
159184
9504377
4982452
5031562
4274153
5694615
152665
1736103
9219386
673790
6577904
7941833
7030354
2598857
6537897
1243299
8964888
2248261
9743195
6545335
6399163
4816443
4966876
2969776
5484856
8237010
1459319
7778860
7892235
1522068
3407542
9067339
9625590
4761906
871952
1273161
1703234
332756
170922
7037067
4243998
9348537
9982197
8713463
780414
8343973
4119
6643428
280957
3421780
448650
2495062
7611664
6860181
6264173
5982093
3152526
8831764
2193721
5073350
7681157
560683
5767887
6528065
7019023
6789192
4681663
4792326
4689988
776716
2705695
452685
4918013
2827902
7241070
3235490
1434896
7100640
47564
4230498
1212997
924578
2211965
8552086
1332716
1745122
7571346
1665337
9164870
3458373
748870
2681202
5919484
5316221
9087346
1117920
2299195
1223144
233698
892123
7001188
491489
4753732
4302352
8739073
9941398
5754718
1556637
5850837
9106911
2390001
5172439
7532785
6187796
7201962
379451
3544736
6207018
4778429
9248678
7516190
1636294
4974907
3585281
4390723
5186007
7350564
1465392
2902609
5444630
4630425
2772742
3626318
2197725
7130062
743934
3777304
6186356
9619157
7798776
8414375
2925213
3438406
6731046
9984263
6068537
9129545
8039331
115681
2569765
8980344
3477261
7493438
4774709
9419125
650068
9958394
3458312
1023806
1881474
9510488
2106134
9601674
6990422
1344343
2774368
4988185
5311361
7443246
2375080
4856264
8894432
1533278
4015494
2728969
6594187
442493
1418959
7812518
1207548
9134681
6312473
7782839
1621219
5084872
8328697
8263438
3249887
3358663
6067024
1172207
2536003
8261299
525984
7890662
4280536
3189911
3743727
4770753
7526690
2450293
2475153
1696237
1634042
6609789
8968209
9261048
2019570
8509378
7503882
467314
5560217
6094831
6336494
9331708
2720244
1947885
6311678
6123640
6436370
9802621
4930456
8865272
231531
6523124
6873303
8610185
5720098
8095356
8071501
5494913
8737558
6801353
5048622
5035509
7653719
6449329
1487929
7211497
2563836
2768175
2929217
4958174
6232043
9867036
1394668
3781772
3929138
656523
7624539
227116
5401755
6072440
533916
8476077
2604863
1713801
519129
2580148
7464405
3882078
7906550
773257
3225570
4866259
3837315
6551623
3740734
8356290
9687310
1959984
3370455
8271220
9937525
2906433
9966255
1069767
9983933
674576
6602765
177982
9184135
295932
6132332
2406950
3573766
819171
1835737
4957145
9986818
2458506
5777293
8325634
7748842
3678689
8071563
4528069
3117890
6050542
9542839
8283260
823923
5939229
5825708
9277179
6814760
560122
1794980
5514735
3115829
9319884
5948155
8371232
6218061
486552
7192546
5978835
313074
6420362
6459557
80681
7963770
5514995
7272250
2058889
6043891
5923581
3357433
678254
3197086
7019883
3991433
6358879
6495687
1472705
1496157
4350889
1908125
5604518
8143204
360165
5400734
7814387
761946
4165604
1083033
2483485
4107101
1909627
1977633
9873012
7593778
7059126
271191
2727146
731648
8118751
9336360
9437462
3069481
4729944
1871643
9759009
2523980
8560278
7989022
2477622
5868525
1802128
3985251
9928201
4330902
8177589
5511087
4127803
7821192
1933739
731969
2967293
611792
7892357
5983432
3347054
1102446
3036269
6557407
1203946
2633748
9828400
1793914
5081294
8405092
5866008
5819822
9506614
4002018
5104126
9535997
1487495
9610332
6572897
2124078
1749751
4098683
1159200
296937
2879560
4705741
6870477
599407
8707324
5999341
1575230
9667023
8988849
8534296
8347559
9640662
5402028
6848360
5069255
7517155
5132803
7871374
4675167
4425805
5590779
2671710
1476670
3338601
3453917
7735854
7479369
4137389
2193600
2978576
9020922
1340040
2910229
2837560
5925574
7559779
8211217
8480128
8172796
3578377
8514865
8457235
1679060
7428337
9650396
2195349
1098585
2958748
9473083
444633
1586369
5965035
7473686
2646501
1657853
3532936
3497801
8773039
264070
2576052
9093889
2407798
4599179
2697750
9102002
4843894
242399
3558363
747945
3444274
2676046
954304
9398644
2714787
2001544
8027459
9254918
5825876
4461978
7152438
7150716
8963472
374795
4509091
5361970
7938536
3066117
5427876
9792128
1509175
8368850
5523895
74889
3473100
4481839
8406674
5142123
21327
918029
3003686
6090646
7344524
3219415
4568698
3347427
5766086
1863860
9051370
8656921
8250823
2932750
9334421
155250
7388557
165531
2416934
4951772
5381941
625901
7485444
3838411
7590236
4582750
7024264
1661011
9835033
9590615
6161701
6131595
3531441
677192
1035801
9567867
5354187
7401581
242934
943123
2545686
4259994
485227
4273128
5934039
6765720
6713116
216327
4594346
2797688
5509003
4576321
650368
9609449
9855120
9002071
8940232
7846390
9468684
7218576
1088000
681922
82572
4384213
6365184
8635689
1801961
1508445
7394772
1625735
8402984
2902549
1683517
6350628
9429553
1804114
2185775
1786122
9146242
4805905
1650078
4383121
9395565
6281073
1637426
2442256
5269259
1088252
9707452
2850036
3785424
281881
6700383
9384654
8609454
416035
2193299
8427582
8685553
2665834
4116170
4744155
1349338
5909252
1727770
8500305
607223
4231725
2591498
8974053
2957388
2358974
4821240
4564143
407103
9781626
9775876
5679057
6458759
9761560
2318232
9772753
4095508
9653837
1239813
653170
7540546
1125991
2991311
3622050
643313
854458
3129224
694962
579347
9754251
547977
8012295
9358739
6963288
3221694
2886225
9983582
7021033
3363342
3446276
509108
9029567
4956012
4042660
9155272
7113811
6120311
312561
5573923
2181535
6081961
1498216
5876942
4056435
9439882
7193660
81973
2869808
2063117
7767581
6030117
6533642
1100640
9810786
8450466
5068546
8561837
5828153
2998179
5212043
1033684
3027215
8491910
4236466
6078447
7975568
3425749
3268653
2378238
1933565
4474196
8274179
5689659
7811296
8507793
1247655
6612179
3448766
2203460
2364941
6748608
7060456
452536
4775773
4710058
8414881
9276762
5300405
5618031
6634926
4811091
724085
5494475
2487379
4636606
1854695
2705672
4878382
6315838
7881179
8561938
5160088
1317673
12472
8633215
4985207
5974517
4187779
2417704
5817612
3741174
7941779
7292185
2858719
4256288
8004162
6590359
2822242
2264721
990920
5961258
9255488
2764458
7231746
7436425
6792325
2362620
5727542
7410596
3836812
4621576
6464760
4956293
5928736
1588948
6931950
144904
756159
6667891
9624449
5572761
689988
692504
9638900
5390818
9915309
2029685
5567608
7914767
7169893
7522772
7478802
559961
9736647
1180969
2933474
5201691
401850
3346376
4411697
7222101
4022266
5806828
2808195
4368552
4067234
3850942
7594736
2523427
1182188
9237934
2194706
4426288
455733
7188840
3102267
4253779
2971351
9826811
7597218
4714643
2015286
497793
2539843
37949
6989086
7844835
9609452
3937670
6154269
338852
1636138
9859172
7237897
5606436
7305044
2296171
3002307
6368158
6269908
5618325
7091848
6903081
1852063
3375401
6160081
8699228
6169343
9588847
7915729
7270580
1541430
4726590
292616
9761444
6440153
6266697
3974544
2678195
5427224
1602208
8564434
7938896
4550135
9053584
8533027
3428119
7154759
7971295
3785137
5599189
6264553
8502011
7362240
3545514
7127897
6520203
8179298
164383
4613423
9282439
9390223
6723303
4040783
488191
8504082
9080599
7559248
3392108
8340254
3977945
3079421
2447109
3353105
3594607
6499906
7897402
4465022
3885251
6385747
1193995
9002487
2325092
5869970
4368164
6804148
5002381
4379920
3121021
4154416
1221199
2355605
5459663
9091102
5904564
8416595
4544242
994405
5729409
1917651
8659372
93128
4542098
5887844
7593749
8358582
1326041
6801243
2032562
5345608
3532297
9524748
4468196
1099455
7609203
7644907
2772105
5793402
9120660
6969264
4505588
224188
8607370
6673907
9467533
2834764
5622461
8394846
6265492
6444574
9932059
6513008
4288790
5791361
6468834
2661883
7916334
1715168
5179291
5274754
2485451
3773207
1236996
1545771
5615427
3880250
9352920
3914144
7687417
8865366
9795784
5151187
9192710
8219047
5296125
5742419
5442189
2904900
8727988
7812954
7804526
4768409
6330733
7953678
5077978
2570876
4433056
6063533
9578944
3454084
1624059
3423826
2827866
3009739
344367
1982638
1304977
8682192
4603836
1333592
9050768
2676276
8338140
652015
3006496
8184707
2115974
7958255
9300144
9758287
8540526
2904302
5343076
866636
97697
4356134
2682310
5033515
5109203
7906567
7027357
4942238
5087304
715635
5708150
485445
215992
2334956
7123723
101004
7560838
5040701
9495154
5790539
5871824
3240272
8776644
885664
6741115
9124381
679928
8937891
5943614
295441
2590158
9016103
5536266
3500019
4738697
2660663
1392765
1648760
4537712
7898505
7142008
9864888
3928440
4609618
2087120
9994163
2887118
296147
7487927
1215858
5898128
3752578
6874200
7891383
8022085
5070965
2801643
355768
7358310
1480857
4544248
1901084
2417050
4515578
7537557
8481621
3527477
3736871
8121964
4786411
4160183
136471
2911015
7224055
66205
2468614
1940190
2149362
675540
801616
5466219
2800129
3340556
5523410
7105457
6849004
9012630
6194961
4935269
7174732
3491191
9927010
6596428
7405687
3395948
8202069
8944051
6189033
5569220
7872239
5562877
2375923
6395605
7960016
9650718
400223
255688
3110236
7570989
6903302
7528600
8632886
5994118
7223763
1354075
1929440
451332
3590649
5576726
7443546
9213308
3274481
193374
8496359
7752790
3954833
9802320
5996318
6287104
3303068
8621598
334326
4004607
5668957
1650036
239997
4365494
8416910
8200716
3290707
2858271
1653134
313804
5107535
3579475
7314440
2251214
2471212
2401870
5426349
2227019
4630847
5466777
2300763
8237658
4736198
3374784
8201411
6436073
3606608
6334543
2082718
9656405
3670884
197448
1059023
5942494
9608970
539769
1517896
2422526
7312826
4425554
3280747
7668449
6318876
4252169
6280424
4026330
252600
338378
4363450
239676
8897604
653847
572144
3220486
6252140
2018733
8747122
1421403
2500121
5104681
4913874
7806690
3780985
1872039
2832112
9701517
9466271
2960763
4315919
4965377
4671968
5083053
3142050
6282732
8983886
8987251
4151078
2521675
1147968
8423341
6897216
3744003
1212243
2823508
3094589
8129233
6301925
2404219
7719393
8054574
6746883
4100890
5308722
8825805
8177109
7882405
7165685
1354077
2283489
6972192
7369682
3221414
1275679
9154537
8377661
7223823
1248537
7340488
9189605
2799593
2312480
636042
3130687
8799795
3334069
2264191
3057734
6345022
1319681
7938694
4650869
4901060
9224634
5195773
7701131
7246115
3758833
2385728
7871568
3791040
3655400
721283
9197910
6991090
9834092
6684065
9660671
7186687
347312
7545924
8269670
79706
2481393
5539048
8534747
3558178
9288091
1265383
5864231
7477750
111579
1287309
9486989
6499558
3440565
3820239
4981535
6735422
6311306
743678
9076555
4714575
2150033
6358316
3389879
6637425
5550821
510847
8124454
1630543
681598
4654626
4287606
9610901
1797742
7892504
7861966
381335
3128691
1265355
6863746
4988645
8951228
5235706
4790402
5656261
4575022
1413401
2865624
5498254
8394001
942152
7581250
149921
4260072
4860987
8804289
7662696
9441429
6233078
2252172
8926996
5338765
2726239
4360565
7500995
8731307
9585106
2613566
4650007
3530507
4813336
4805931
7848152
9936341
9890317
9203585
4597524
4180856
1669821
1962733
1123342
5806526
9868737
9356298
616706
9364676
9945168
9792135
7467713
7180299
109767
2109167
7722258
6335741
8949107
6668440
7444437
4637934
3129988
9245841
9590780
7611769
9515381
9843441
1426382
3196521
6194690
222534
7346789
3641224
4359943
3303360
6703233
2126689
8774007
2800458
382528
3092550
7955761
9608021
3357526
4555177
7169295
4075622
9094123
8928142
2621461
5032069
472331
5727163
941655
6219415
854959
9943639
7137108
3826616
9072392
4306796
868007
6308674
4908920
5975130
182064
7659122
8244079
8989609
1079987
7163945
2766807
2939986
4961030
7200811
2477660
3423206
6642532
2999235
8731441
7693106
4706941
8012358
4333779
7460688
3869852
8066764
1449310
5556321
838145
7151265
7490661
6032365
2065295
5647587
965323
7463405
9447654
173200
782007
1715589
2926877
7187201
8666792
4696252
6945190
9799245
5800175
3490074
714811
6336478
4848610
9714420
9131168
4344937
7893514
9830380
3924217
2315401
4597120
611434
1411261
7012373
3906802
3005611
1178467
3694687
6824773
951421
1272104
6563685
1055947
8448787
2924005
8947141
5791111
8357285
5738705
4349331
4706245
8053279
6638078
3154313
7184357
1624308
7281232
6532266
8778456
559922
6572076
3280651
296827
8984327
3036065
1354928
1214467
6918745
1421019
2051542
6131429
60265
5455290
7932888
329599
8792591
9183446
3740474
2351092
6431729
4140598
7520509
34209
7375389
7385310
3385198
7961417
2955307
7285938
628628
8706271
6989806
8321012
2009491
4715480
2561722
8776622
62815
4985073
245585
2834535
4012793
8549327
4111180
3615095
7927670
7893549
8110554
8677313
9680862
4785156
500563
5702915
4925783
410905
2019595
6337224
3419824
6881641
7523716
9509801
3916943
3245242
225202
6235168
4038877
1661006
9082475
7116873
3272096
9389908
4147381
2355495
7049723
9420653
9603010
4318184
5364323
4030138
5646642
8514953
7403501
1358644
4854587
2183449
4534963
5850645
9562195
298763
2417833
92807
5640328
4116581
9132832
7596750
8803224
3202343
6881017
7867309
8486112
9308831
4464797
8734609
1944200
7403136
425528
3624818
7058242
3570685
2717619
6816118
5283253
8160282
816987
5618551
7913470
8910174
3936905
2763706
8009703
5335666
8792610
8281350
1437705
8299891
8508721
2638489
2296842
8703981
90039
9587655
818441
1329057
1194832
431695
533781
5235213
1196947
612071
8177946
1796538
7171917
7876077
1577837
105704
8304861
3566812
6392738
4605412
6209036
4528330
8876344
3409036
8793920
5973808
578472
8020225
9668705
6698944
190011
5677299
3349808
7152363
3807822
8647506
4308512
5454200
3439729
8928692
4469098
9951741
4664860
1058417
4824607
3499760
2043497
1919280
2858861
3352506
2120430
8265879
6362982
8937866
774439
8704325
7564286
7913028
7769446
9361003
9340169
5116193
6892946
6865369
6833281
7958038
9543651
4099638
5162603
9483450
1800288
2396368
6902033
5681833
5712929
9802643
5055253
5218661
3268761
2459656
9415366
7483958
5717059
9283611
3150640
3297424
4428562
6895897
7521444
3729393
3796372
2435006
3735099
3727029
1688431
1503956
4276190
8378414
8145648
6954971
7623613
6567661
2250349
9076841
6563231
738884
409063
3143978
4915920
4065198
7173545
9669013
9086616
2165115
5924268
9379664
5406820
7357464
1313494
3214165
7749328
3187550
9823976
4337374
9228589
5307141
8075412
9532501
2826543
3662572
9357788
9100518
8167397
4380286
3483533
6083707
3891355
9459577
3101120
5667107
7597425
1756568
2031926
1621419
522509
2752243
9372200
9207291
9156490
6918837
9800653
3331076
9751148
7887062
3442971
9211097
8535438
68991
9441748
2524278
1295251
4933105
5390749
5545127
795382
8976015
2400795
293959
7678931
7189506
4150823
9104655
4381946
5996155
8802105
7204231
3369032
6782230
2492896
5833357
8400406
5376307
5713221
8361791
7047940
7343378
3620046
2149032
7128067
1051406
1879131
1816688
4853314
7124713
7096858
7167218
8440215
9026954
6837941
7295022
5249882
7375773
5354619
9600989
1314128
9222934
500525
2128749
9690463
6860809
7154592
8002630
7473474
1766205
6313046
3711907
7148066
6902632
934482
3979149
3907340
1518887
5865491
1389031
3557505
7217835
3885235
3078832
1506008
4090477
6830379
4452023
2066741
2243319
6126805
4084648
3711042
7486357
92566
604951
9932748
5778181
3172736
4816360
1313103
2432104
3548296
6432955
2920313
9084568
2762746
819132
691966
5532575
3322672
9510553
3402563
1275219
1258078
2657882
600445
877741
9033612
1115997
1113614
7788502
504495
3665045
6988045
926763
3228005
2515779
215911
5401272
4974176
3432923
5194252
4352996
5058836
661846
7602284
5000934
54170
86368
3881034
5250052
4619839
1924513
6033286
4453130
9311555
687789
3468468
8597504
9800660
8108587
4619570
5357749
4719682
8277189
4035055
4154250
4567565
5083315
2984657
8618961
2177345
8137714
2974846
6348251
5408605
4686128
117783
8258816
5407718
232857
7335279
6862931
5951752
6689238
1137257
1676726
8965692
3927561
5500851
2828020
7823319
8424915
678166
6561327
6030468
1563759
8101485
2805776
7262808
5637467
8087740
6822580
4853609
6773671
1133096
752218
6330727
3217299
5847911
9585991
5922678
2413815
1913568
8356217
9741063
4556183
643597
8125591
5883138
1465154
5209000
5640618
1771049
4830219
9891951
461859
4005617
9610633
8146574
526894
3852869
4889251
1839987
95786
587741
5395729
1463955
5392628
3052136
6459774
5345443
5173192
4081870
6689461
5348158
468314
3181662
3187873
1048938
5256914
3389295
7462202
8050686
4885767
9815867
2806477
4860431
9019856
5716185
2570651
6761103
6129962
2925069
9422040
6755701
6418567
6516039
6556721
838444
925501
562572
5159199
3452495
2122310
4933531
905532
6124717
5974928
8599598
8841998
3452424
8751609
8654294
9329928
7898601
3815633
7927514
7492607
1051534
1553549
8742869
1762762
2035980
7763123
5254179
4149361
5716376
726159
5966679
553557
2833693
8175020
7825288
8526647
640797
6569874
8287959
4990521
4355226
369925
4786761
2758789
2538255
5425862
5316461
3329774
9035103
2524175
5579658
7609060
8703599
2051941
5711934
887443
5935042
236137
997542
2540379
7727621
3444344
3816471
8406431
675025
2249994
7864447
3178227
3806513
8780573
5997258
1548687
2398850
395021
9299362
1166777
2447625
2908960
2528563
8027374
4686491
3590820
5742602
4853568
9829235
1607841
1238372
5270432
5703453
8974596
9845593
2483586
7875162
6813080
9442663
8222735
3316680
4135618
4614701
6442927
5765988
3474948
6630057
4047310
7115230
4176791
842120
705881
1300585
7700345
5531423
4298613
4081332
3376022
3270347
965550
7639723
8728594
646920
427966
1397310
1722426
5734290
9389089
9771947
1562440
9565488
2934137
1997704
8163752
5889921
3972743
101963
5510924
2047586
633012
5710691
8237293
1548402
5528634
6103040
1334558
1335635
1116370
2067737
3162490
5648024
7404307
3841321
4505368
6790474
1509663
9604953
2413433
4907611
1019218
9949002
9694501
1440321
7518124
9943194
5215412
3744187
5757333
4330235
7739374
1358323
8707003
8980461
4032531
7104287
5566754
49111
2978390
8135327
5332723
6569047
8116055
9662150
8776036
7654092
4121800
5910011
6299543
5931771
6013069
6326395
6101514
3399539
5763402
5432697
7521758
1126192
4480037
4581282
9772419
6128795
8120483
9007880
9457612
1356879
2824193
7158599
8501945
9631577
2692783
2246407
3388635
3522834
2166728
7992436
4890536
1118680
4374151
8044460
5471634
3964981
4265007
6079546
3366109
5817216
6842026
9649718
7596771
2037001
8410649
4519600
8055209
5039970
2591124
5007672
1296975
7901151
5459602
4552103
9159933
5798632
9934350
7865921
9547339
1523750
324350
2693584
7205477
9723303
9737587
4630549
4454125
5222499
8940040
7678463
6583277
27927
8988285
4004416
2551008
1153877
672422
5882525
5426384
3369299
1224002
1341491
9103433
2748424
3575625
2944891
5799922
5633982
1698317
4067264
6308766
622761
3334549
8775116
104908
6925828
7546097
6541995
9953768
286679
9764535
7672353
7128931
9938023
2156682
712096
6448477
6043162
6692268
7329914
2680295
1961869
3470354
9579961
6530811
9141953
2779358
3162984
2293672
1813830
2964559
7050155
1872483
210360
4150042
84326
8160011
1279665
2941983
335770
3615147
8952201
4017547
4683987
4473121
9094857
9807813
9197654
6176289
4406722
7574305
5541081
9173138
8709084
7465159
7160291
1329577
5067862
2947036
7348146
6867937
1568201
6285719
4644482
3927700
4505834
6665386
4379148
738236
611917
5307019
6897509
1518190
2134666
845501
7955223
1093200
6796553
9773310
170184
5117918
7754225
7766033
9236571
9330326
5619283
8265588
6291468
7342940
7346911
9814489
7507216
2325659
8945239
1332678
7029663
2830439
1363091
4860274
2961656
7852083
516630
3690805
336723
5335521
6364997
1041129
9521838
6362788
2022981
2163673
3232508
5446540
2554495
9256967
8335467
1488095
5930708
787870
1623657
9116409
3085058
7746609
7209507
5795046
2595007
4885067
8022169
4320354
4718883
630404
5599407
3823704
3722903
646751
380755
1761821
9868663
1726438
3810912
7154368
1247350
6451767
3967986
5762194
3193267
5732645
9013186
2537073
164853
8835880
852888
3922501
7437921
5096536
6309850
630419
8149503
4711636
6627157
6571804
250898
4021684
3568263
851399
735826
5104581
359942
7450305
3325813
336568
7144708
5836233
2410197
2820873
140964
578088
2153738
3584149
5419216
3076394
535083
3354225
3780794
744702
7799625
5599712
4502815
7688413
5108480
2575539
33372
9443343
7434503
5051023
7420552
6222375
6300387
1675399
1346408
7768222
8764171
6096022
654257
3318564
7059067
8589077
3159944
7186293
760196
7131683
8697848
6314511
8741856
8500314
5934612
6016856
1944018
8334456
6727145
6794735
2747888
6262147
9284376
9930006
3490171
6133651
3981792
1868395
7742951
1681868
2876853
5806706
229431
4706685
7998557
6373952
272156
1398774
6089666
1276939
8757285
37313
6876700
436064
7450327
293292
8513298
3600640
5607550
6487886
5997065
4826374
5902183
1622067
5642658
1216677
8806492
2521818
6986045
89728
2653049
5532089
5033909
3875234
3907371
8007088
8946595
8703805
2048634
7971422
8696996
5452677
1770553
4202738
1877251
2136342
1073524
3746676
1458
9342410
895997
5750312
7908859
2043146
8315032
8934957
8087142
9843945
2552977
5665086
9582095
1848142
9470987
3082249
2018521
5222419
1621682
7307936
1552594
3437242
5123739
4364820
6104737
6202986
482478
9903468
80078
2065874
4105284
8123586
1020245
6674305
4735585
5568533
2310505
5797472
5677622
696684
2504605
6569822
549724
8752695
8120268
333709
1421804
4998111
9199187
5403071
3370685
8614071
3574354
2749426
325765
4145311
178080
7634
4150819
9746215
9016836
6249106
458852
320019
5177755
3087076
3919277
7181121
1995084
9479410
8166794
3862915
2927585
7389095
1028132
433636
6396881
8539617
1197469
77334
196563
2811896
2511287
5284604
7984640
5443213
2324492
2316768
1541667
7284988
8145824
5041353
8646935
3808356
823420
8641462
5421296
8564957
1830039
6166240
9325840
5843206
305459
2409175
8350894
8383930
4660734
7248934
7694860
2620281
8483464
7080602
2058823
9842504
478286
6596069
3311549
9384378
694655
4899230
6595828
1205621
5772738
8515382
6269980
9093825
5897626
482281
1889650
7673416
1671814
9192602
5948066
7373274
5381708
4101457
4723183
6127992
7339685
884630
7304430
4535871
128441
8267584
4994704
4110040
7615139
2785983
4098809
1946704
1124155
7130171
8512716
8868858
7248886
9877788
9447402
745376
2638654
3675430
1267708
7465664
5390805
686128
7679771
5111148
9984713
1327306
2485557
8021084
3972525
3332797
4429049
7802115
9422557
473661
6849746
5653858
9617229
9292341
4590457
2410255
8987101
3839933
6858381
5481901
3062906
6760183
3927641
7357428
6679943
3130069
5449262
4047868
2045674
3734549
9573057
4969337
4707122
8025291
9249454
725253
3577156
6707398
408910
3458606
3997602
7694055
1049829
5116056
2887013
1488121
9580941
7342316
1861376
208678
1374808
1768124
4522017
2120863
5309978
7499783
5955964
7323128
7791257
376792
5159502
5423682
1112311
2844925
6696960
4228415
8418650
5749988
6882585
5110835
8651761
3992453
3327941
386123
5782134
258304
4521600
4754605
5420616
9523283
5129953
1313861
9276203
6078240
2150835
8385629
7929652
5446618
6865772
2123029
8816497
1766609
4758311
7034704
8721718
8835454
44925
9967860
3454054
2123462
724338
9458500
687387
5105671
6411403
9702725
2657102
8286441
7574417
2213257
6249518
5700603
1164737
9908618
1837373
8086961
8640763
2437296
9841073
9625405
7454055
7805956
9214766
6004813
9065092
3309038
4437357
6849319
6558392
7003837
6682327
4510799
8312836
303682
5333581
5636488
7391163
6627649
8851665
5176979
3521181
5649179
9015261
3263457
6472142
8975930
1186279
6605021
9087414
6965203
2594130
2918440
5844769
914763
7101723
4046408
7546112
4771110
2610074
5663877
4420234
1836160
3296423
6085102
5556597
5879425
4567159
5434485
7721220
8856335
9377072
316421
8638053
3599759
9713113
6920308
1603183
4177141
8345895
3171142
7105361
74933
802295
2076618
1164760
6599406
261834
9690231
7520402
3229277
5519350
8991973
4149161
9046332
1640456
4268159
3491250
3959415
7774495
5071803
7328470
2248412
7782927
1771215
5098476
9623609
7325521
4419501
8844265
7434780
134110
8101567
6687092
5463682
1768324
9243276
2527700
3693356
2043123
3171580
9963482
2483203
6556716
809159
4333303
3570857
9339228
8686078
2001347
1994932
4558778
5215252
1818969
9689939
2717137
7932145
8731735
8532881
7571963
8215460
6497310
3972636
3668025
8685401
5709546
6923665
7934398
7305783
3903843
7521212
8526843
8960477
4921320
2056402
8528389
7130935
3841560
954674
1225176
7062036
3768060
2173143
2703006
9424882
4968548
4663540
3634615
7590498
3858554
4179683
7937423
6368954
8722508
374813
8762367
3989670
9827951
1632600
3030871
5858767
1912676
2083519
5674839
4569620
5355888
6831390
8713050
4316362
5516472
6022466
7657992
8654021
1104162
4972290
1559411
2863400
7979864
9749983
217381
6708496
9829810
9599479
4544940
914034
1428642
8797379
6629864
1351836
727878
3027933
2837398
7719068
8947005
1784144
7173198
8141012
266820
661636
2014968
3607901
2112980
5365007
795133
3609942
9134495
9995276
6041082
4154557
3386166
4748470
5789402
2167933
3062761
7884501
9734078
8312736
9541228
2571936
2205666
4672969
2342115
7746717
1809392
1776058
1852788
8193920
9237715
8414528
260392
9983168
6959545
9235491
8781194
5529873
2055813
565003
3968645
3923573
8267041
6856783
401641
6600285
5175815
9611914
1951238
6341287
8394
3448262
7996010
5319047
6664709
6676685
90588
3306711
4661307
860742
5836992
8783068
9431174
9597522
4173947
3238266
3481961
7461046
1250786
7914036
9574564
1540770
4213451
8909842
1768026
8074088
9677469
8506248
4077365
8530534
2877800
7582716
3614880
9383781
7106030
5576305
100565
1887049
8074254
9074763
8329300
3083117
3817622
3546932
6208394
2452458
2428502
8262394
1678654
3359766
4710042
2785405
9132474
4843599
3359550
1389918
3087523
1015570
7253952
2572807
8222630
9301682
9006652
984951
9761742
4818313
3850290
8704583
8520080
8915012
5532346
2397445
7306524
7957650
8175350
1674646
7715942
6252453
7761266
2055864
8957886
8410505
311695
3745426
1043317
6973501
1271967
6486504
1025004
9049127
9524285
4554788
3642936
2752033
1187338
636088
4651278
4717173
6000640
7059595
9542112
5579892
5266409
1926033
548863
9522288
9996147
8612105
5116737
1123467
351883
4159164
8209289
3148608
6580714
6227123
1050066
7358296
8798790
323871
7825333
3941351
4744550
4083588
421633
7210136
1389238
1762877
1175260
1049198
2952757
2181284
4605733
9765924
6586031
700366
8903640
2086327
8947251
935468
9110993
4730725
3837829
7114126
1573643
4407353
7519355
6709224
9953255
6115940
5178978
7671448
7325783
4079720
309768
4483995
9358620
3439948
4703752
8620072
6564327
4205915
4875594
6820211
7553604
8608649
5583756
4909918
5449379
3118524
6298339
592360
3039569
4007293
9720955
7657919
35227
2554685
8604348
6790141
2019232
8765261
3748826
5486099
8193655
3536924
1478030
1870745
4514338
852897
8374951
366459
2391995
9973684
8293
2564398
4999765
428168
4976599
9504850
1616771
4551929
5881259
2368013
8576114
8525036
7614095
7109110
6820372
1743476
3527704
8463784
6432095
9859724
295004
5132429
5970743
510851
7424548
430300
7879065
8870847
387706
3263192
4193519
6253764
6567490
5406901
914974
4262690
8009677
1881973
7184599
914380
2912450
8565195
2474201
8584008
76855
2534197
6153719
4478492
1715306
4627691
2316959
757403
1632289
8075529
2646554
5629682
7366590
4070166
1894655
5790213
6051680
5209100
6766818
4744622
3445805
6191573
7651417
7039276
8156827
9479769
9616405
5659021
7483788
7096422
3163991
8844427
5621879
2775979
3160151
9886496
4723977
5972510
7178910
5749396
476993
9380085
846946
8514547
4753274
3966568
5746832
5787052
8610313
563099
6339289
4110135
3893272
1066611
5131853
6912148
4923422
403743
4784054
2551281
5044816
9460799
8624022
4460234
3434336
4295868
7540247
3215986
3171653
7943233
1949496
1873361
7208675
8520294
1923025
7987568
1432854
5974900
3906256
4633955
6305092
4235164
751084
9359771
7467442
9774663
5823738
3506428
8975635
3203180
2891315
934944
9241725
8630417
1530364
9553997
2194281
1116347
9307007
8106399
1812695
64755
2840711
4501126
8913106
2021987
8714220
9616205
8844463
9061781
3078262
1368604
3026287
7164002
5408454
3270297
1927079
4009366
5586261
9672515
7472314
863882
6858895
3974496
2531693
3199909
51339
5087120
2565643
3042658
4266119
1862941
1909320
7687431
1041580
2549769
6227701
6198012
357366
214203
2636235
517019
3302124
9488230
7247426
2533678
624648
2937827
3802153
6122407
34095
2855639
4870578
8205492
6801209
9416859
7205726
8929375
8890066
2041367
6162181
9985612
1928139
7919647
6083078
7413870
449855
8013242
9107145
8978030
5850277
4792994
1132274
3207956
5636138
926038
1549572
3306381
2786886
5529963
1349450
9094742
4730289
4265527
9698239
6610891
9604776
1315028
4322396
2084994
7037343
8571093
3945737
4288788
4213157
6015942
6721832
5631893
1393421
6148661
5571169
5628171
8639337
7183008
8099715
965650
2263731
3757618
8259992
4158654
9800073
8085700
9163645
1723619
2209873
687253
9424458
6390238
8583768
7466563
6315633
5569407
2105165
7275547
8499035
1797590
3702665
4824141
1948557
4293376
5924637
7656403
4525423
4685478
956414
3311781
6522127
1049115
9760421
7317864
5035995
7766372
4514566
9296127
8584258
7729296
619182
598188
3869100
533422
5209886
8676485
1605180
9142819
1852251
8919753
872785
4051294
6990694
5531167
4249540
7641660
6172771
7519190
9706828
6174271
3225661
5670887
9532905
9696437
345895
2654030
9050920
1380584
6039981
5134313
9320846
3390076
2519139
5811636
1894388
6821512
5996506
4651194
2170569
2136710
8642547
6260823
3366315
7697090
7895681
6796080
6836280
7586882
6278688
3062088
7021809
2367599
2706175
3177864
4679605
3786498
3356127
1282329
8079789
2375954
6129440
6681849
6280360
1406776
4169984
4223972
6351739
6497907
7085095
3053092
518942
2650316
5895814
1784898
4827372
1340713
5831273
159987
508768
2516157
4089597
1695041
2575300
236624
3523711
6175457
1815176
9710589
1498790
3443627
1098384
926032
6303818
3213563
3829311
7818840
3258192
1325036
7628156
279148
2416039
1908283
5596123
5291095
8421452
4165358
1462895
3515704
6304375
2037952
5388281
5402821
2086591
9373806
6745435
2810267
7770538
6395763
7837555
9184368
9406529
4505425
6671384
8873298
8424491
2869604
2943093
5175867
52605
7081585
3247552
7352921
8204257
4077263
1623747
4255930
1156362
4273633
2273267
1199463
3247712
9678844
4566511
5112513
6634891
3916322
6052846
2252815
7140834
6256221
4230811
8896102
9132278
2654152
1200469
8759257
2355058
9838669
1918346
9995845
6946056
7012466
1941825
9377168
6244102
9103813
9761751
5279186
9416259
40206
2179119
721751
9754445
4935724
5971814
4661292
4748159
3151168
4666993
7068108
1350078
1968327
8800323
3384853
8776993
3864504
5006026
8296197
6682835
4027240
4412772
9974716
2969114
9587211
6541238
2787347
5763278
2191186
5570759
5821158
408832
9552022
6323136
2726568
8419640
5040085
8264668
5406195
5211758
1554101
5209802
1181672
9398261
685381
4711265
8705137
9083526
8950931
7551871
6897900
729715
1155589
6797181
9031678
1163359
6181215
8135969
5802297
2777061
9267217
9655856
5987670
525525
7096920
648874
1172597
2410416
9647629
5415894
4124847
6937998
7677747
6003764
916369
4874184
6772638
7289608
4359123
4805843
2770
6152308
4801173
3685431
169514
919068
3429476
7752432
611925
5119133
1998952
1285471
8111874
1820284
1493218
2678792
4505888
2932112
2859426
1504617
5057461
135180
7541755
1628197
1800468
699462
1275460
2385041
1515889
5112390
3795857
9602327
6477070
9016443
6844384
3239939
9831418
1432228
7927806
2751161
9333619
1775430
3754824
5906901
3737468
802455
960436
5069358
2861461
1729205
4091575
6547261
2300449
1273839
510781
9135685
5883013
6791183
6735363
5000804
9606167
5261108
7826971
5027230
5161245
3452632
1262973
8226851
5777246
2867566
7462375
6610537
2752993
8326170
4947534
2826666
1872694
5007108
2049894
9496021
7752731
8045256
5955185
232197
2069814
7051256
9814687
5154839
2641424
1316057
2559235
8705615
760460
5870577
9813839
2934378
1133990
9364730
8475562
1810176
7122754
612604
8955682
6463106
8182485
168269
7948691
954042
797359
8445504
3206015
6111388
2049201
1638226
1799229
2285848
2280453
5575019
7340126
2677545
3455731
1310448
8001827
2926389
211240
8149616
9180314
851014
7926136
5651846
9685621
3870947
34028
5135105
7311647
5720514
7458861
4572683
4759813
3032833
1682792
2598555
7650331
4087915
4703125
7978293
2639444
4623499
4625820
2966758
4455098
1008159
1501612
358057
9599447
350693
8404366
8105435
3207164
5546869
2602140
2202386
7275942
5929944
464081
162046
9815835
9748221
706583
8693093
9492835
7211319
1731774
927623
6156745
1451824
6906721
6404865
9468106
7762147
1653419
7018229
7012523
4392874
5391647
8360621
2368979
3902091
5103876
6923770
9014537
2420168
5369955
6506895
79724
3144942
392279
2542840
5033878
4231208
2430753
7261578
5931026
1281134
4649343
4106167
2796600
6499077
4753991
7012950
9891539
360951
5888503
3706622
786462
5300149
1912995
4036573
7813545
2708822
2433327
8648175
177232
2410184
4946487
59761
8397528
9682564
6702444
2471169
8114427
7716183
1952452
8349743
6248960
9191742
3259839
9978000
8308904
4870827
3746225
874025
8823158
9409773
7152342
1831655
7216959
9029361
3343350
6265666
9312702
8050257
9276287
9522646
1086993
7890597
9513236
6224189
987365
6028003
3416811
4859025
1565296
1588718
5189215
4594122
1069422
887585
3703701
5179007
4322977
1221415
9144384
2166590
5701804
914586
3878790
6363800
3342470
8837760
1282683
7756526
1601949
2358282
4306144
4919565
4697189
6576391
4337584
2919130
1435120
694486
9775461
2564213
6222471
6548909
2265551
8811050
2986512
9795115
5464719
7375283
5653128
8587153
3741665
6407104
1841563
7159947
5905134
8919164
37260
4554940
225631
4388992
5767610
8219791
8253152
1216395
2732448
5732271
304288
6954105
25465
6134940
8259949
1114457
9776669
6145532
5061956
6464170
3876301
4618465
3053341
1985108
2005696
6231877
1138131
4472304
4267144
962701
5241034
7367916
54974
1651182
3508301
6822133
7930624
7808494
783751
5825589
3359807
5201524
3620828
8286081
9793642
125370
6162632
5195146
6850835
6914981
2165886
3312677
3387879
8494338
7798394
9041730
984440
4137562
8004454
1999811
5843433
2373971
5605155
6584590
3462952
7765071
1595323
5529584
1691820
1898908
5216919
2530849
7534547
7355200
8613240
6463849
2462163
3823200
5411866
8309048
6773258
6331752
4418394
9697352
6082487
6961098
4073874
4464434
2086021
5047233
3629203
9165292
7754452
8805470
4436227
4191095
7355922
5031591
9790689
5096401
2552161
4090046
8926430
8745917
3659018
3170945
3617594
5618558
7331746
9234169
5933640
181673
6510189
1359535
9609276
6705704
6347405
3654532
1034282
1484775
1972431
3336222
8399528
5054615
8178562
82854
2910383
309088
5101376
5544602
38658
1895785
5428427
3898501
5872088
1635073
5335851
7457816
5548782
2278355
2976941
7715823
2040654
9519537
3628800
1221067
5597537
4822555
5925712
7353661
9828829
7646996
2385875
4830806
751344
3820359
8373341
4778497
3250549
9502091
209688
5305141
4592150
6206421
9418487
6790061
9449378
2517996
4623204
9221552
770380
4937281
2490837
4099234
786444
1412573
9757172
1868300
2134228
3526124
5079874
7366780
4467402
6306656
8991386
9501869
4665858
6561520
6582034
7628318
8661312
4411618
5817617
7237305
1178705
6365203
401339
9910246
2306937
6258549
8378705
9914464
5274057
5641191
3249741
1300231
1904035
8734638
4100742
8023187
7560062
131829
3092065
6058443
7846972
8206629
5921620
2762654
9988811
6277392
3154854
1564544
9848376
4665095
3488325
7223100
8465728
1274074
4164829
3047643
2032701
2397093
4930907
8905112
8612731
909970
2551895
9999201
7857206
8017548
3506770
9353797
8027920
8073505
9017812
4084708
8043059
3484878
727023
5735790
4439026
6974777
9815034
3732768
561475
9256289
2453379
3331086
310118
5135698
4221393
5188503
6662288
8226775
8735518
7739303
589252
3748257
4617074
341186
80120
9816498
3758515
1800803
1251558
4205466
3192111
3417648
8219769
2255459
6725185
8914823
8591784
3159286
673245
1619447
6614185
6278015
4006818
8566122
3647165
6098139
7583879
7810883
7236286
9755021
9718640
4596738
6521494
3814675
9602761
7845582
348224
1107651
7549786
743293
6549492
1284067
6929423
9674623
2589806
2895914
9620857
920238
9844815
5586593
2409720
3506277
7329643
1748661
3509483
1282312
4572413
9595631
3318389
3480930
3213237
4439221
7005419
147922
4784669
4704855
4142425
7897711
6422555
6587932
7330669
5234045
5161186
3879937
2534702
5035171
6034265
4469964
6138663
5054037
1505238
7241935
9846490
1266465
6700786
9997802
5746031
3392774
8872698
2119899
2235894
4443570
6023036
6985129
7007234
7082793
721114
4428605
8049064
362125
2115395
5964014
4399369
514442
2833866
118069
5866488
7607916
1933144
5693701
9099747
6769205
502951
7376401
4301328
3362059
9317409
5545235
4807699
6415845
7861769
7108876
8013262
1325236
5210784
2833856
9414803
4098001
4544838
7935439
3974764
4149373
3055161
5953960
9853667
6801317
1987171
5467444
4962612
1274210
6557147
8420074
1343894
2392566
6747905
660267
4531129
8887278
5798537
7567442
2105975
7785314
7528983
7950659
7728478
5091081
5697080
2561479
9292821
535344
1183745
5401235
2706961
7990318
3566040
8349405
8470740
5407434
5569062
753798
3877219
120201
7524496
9268112
4007513
5894040
5087459
8573383
2582592
828846
90874
9148687
2160384
1871598
787440
9693599
6619309
4848666
3371091
4180210
4202678
6359624
2158702
538596
3148137
4281081
3330400
6205633
1369324
3309140
2227952
2799527
1738650
7170739
7635077
6509882
534903
6336716
7441364
3934701
6145931
8389423
7524973
4632049
6594856
4620882
3756413
3704577
2568049
6151712
1123883
2512700
6122779
4783415
7129558
7265169
5274215
5059540
4401973
6759654
5311898
3999207
3225899
3451065
3810423
9682700
6435684
1644136
9087075
1088250
1792405
583483
7496970
2372002
5444039
784523
93517
9116848
8887964
774768
6997961
789850
605911
2831772
5591411
7609078
8708508
7918148
8002228
5334024
7947316
9163187
1284666
8209342
5901190
6500486
9155387
9465978
1379874
1028110
1295757
583689
5852414
8004513
9828361
9501600
2982937
3641022
3793438
8451502
1830723
5714929
2713847
9420871
6636230
7231293
5635138
2852144
6495581
3271961
4713676
6791403
7906531
4010754
2187127
9145087
2318571
6323875
9800334
2827538
1091730
6038661
3030779
3224608
4004221
3581086
9653771
5860851
9576598
8315542
7670293
4957631
2020540
741506
2385182
9809671
678666
8634227
2770724
4206248
9160627
4191647
6930139
4453587
229826
235642
9055493
3105879
8715630
2265080
192854
7789104
6277915
2522831
3101208
3428033
1850875
1526316
3216832
7553884
6843372
5529047
197044
3190644
5518794
3902419
1064947
2964290
6506481
8542738
3229882
4886479
567703
3071765
4839251
8711592
2156427
9213052
7166802
8643837
2663434
6190629
8260462
9404841
6799676
6490494
7967769
7877809
2183199
5063813
6767655
8345641
110944
5469608
2727793
7973624
211937
257207
7816148
7157323
2734138
5624391
8463006
2668583
5051435
1240802
6443747
2010749
4656970
3542843
8736431
7442207
151940
133520
3480551
7354632
3779421
7925229
1675548
7547189
3638924
9359605
2903691
9686587
2468385
3116642
2384131
9608531
358950
2635523
855953
1126283
7188516
1103281
8884651
444629
4734328
7553897
3172092
8542480
7878801
9792221
1924140
5466473
8967647
9015471
7539668
2773695
4540101
5519141
7950061
7969969
661767
6046675
6711221
3006681
6896794
978269
6623426
5598017
1182720
8148395
4927000
848808
9825789
7900225
5388832
5725834
7948579
2883026
5386871
722448
4214103
7610441
4160923
5860236
128572
1862060
5065367
1795380
9117753
7462508
9704003
5798525
8821280
5584251
8403345
2582429
9316062
1762641
4522148
7091629
1044022
4546569
5534255
6362555
6700426
3714693
824761
4400323
3571643
1913835
526312
3180050
1938385
5814559
6947330
6246352
1542029
3355417
2900797
9019819
7177365
8217275
5724040
9641990
6929400
2516727
7012435
48494
6792386
1137225
389852
7922400
172457
4788599
3292012
5405523
4412070
4495747
5413587
3471089
6249281
1022791
4115015
8033718
9391751
1381733
1355541
9102967
630817
2385566
9741359
1817094
5872688
2503466
4896401
3768484
2371045
8226846
5436094
598259
8671252
7911657
7738708
3846377
8374728
1065242
2522439
7924742
5373976
1688922
1486902
7037664
4523678
8584403
8466335
4089723
4943997
3058991
4818061
7604947
1912683
6691
158404
342710
7705356
9876662
223630
3140784
803356
9114549
7421705
8407652
7728985
2995917
1644662
2292737
3781482
144489
9393351
4680066
2429461
6167609
3832599
5796891
9224963
757188
3286544
9907787
4217468
3099395
3259011
1363154
9799142
2915526
5884355
3719086
2694589
1283403
9313558
2704058
5546198
7503794
2358719
6227379
4799223
2565934
2703850
2512657
4815181
4185424
3178045
177579
7273589
5645851
8299548
6167126
663504
7169258
49284
8689644
9282361
2500780
3120568
27507
8577112
8988697
547658
3858343
8092815
7620194
5813201
3281664
8002063
375701
6275909
3555185
8467193
917528
3189032
9145556
4363001
9016399
7331750
8360028
4514142
3714174
8438194
874168
5877621
8405202
9275804
5516001
103518
5223066
8399136
6348147
709991
3251535
3240729
3760074
905009
9794282
6802032
8619699
7637009
5670230
7625577
9519020
4914393
7134890
9857339
401616
3019235
3386548
5294114
5383342
3060156
4372492
4961940
3925230
9656276
5905853
2965805
3094175
7105983
3289404
4838267
8349416
7426837
9519762
5684031
4413183
1408374
4935457
3082592
2508189
2005923
6135074
2609209
4825040
2626213
333843
6611804
7498561
2866139
2757599
9094547
4059697
3175240
8303406
4214595
666744
5912840
6534803
9205444
8380866
1624628
4627011
9629755
5625116
7485150
619397
7038958
3804659
1306992
3985437
5781429
1464162
675185
2677829
6823900
548867
158821
8217112
9236701
4426534
8464362
7198010
6595425
3866056
6488786
4066272
2281469
8775731
4319468
5799132
9966728
4252928
2437561
5853618
981284
7050702
4126334
1561643
6085814
6507366
4022966
3126809
3500011
996088
2135184
7319499
8486045
2788447
6804156
7960798
4886507
2412822
8584435
8812797
1996513
3452071
277743
5341151
8686064
5306809
9534787
2937621
3365709
8163927
1836933
4621646
9041044
9594436
1175567
9976542
6540112
2850333
8243830
709585
7771530
1600883
7851357
7280484
8684193
4838237
2346430
9382328
485595
70213
7405196
8983284
9698313
6404561
7307166
4667351
9480739
6358582
4249953
8484187
3233801
371995
9845582
8111750
7857849
6873196
9904466
6976596
6131482
8361788
2586962
4135735
2811338
2200393
2496083
1559576
1724495
7823983
7228496
3124199
3655366
983252
1792261
8330327
4278920
1281860
4541112
8199144
5657189
4584584
9097994
7120445
8357508
8711943
8658383
3422758
7042963
1444867
9515204
197495
1498706
4537667
2698648
4428434
4753928
8112906
5675782
3055963
3324174
7358929
3387047
3639567
9901105
9230371
3400069
5348243
355777
9810039
5940879
8481664
4501389
5683949
307185
3673886
3257059
779113
6597800
2776036
4413056
7605715
5532183
9247361
9956244
7819891
2723736
4916081
3414294
5558632
8153780
1079058
3841484
3728090
3185387
9371947
5335806
7610076
6197896
8218484
7255184
3586591
4012600
7768656
7838509
4697849
4075384
2635917
7033244
527142
2896489
4281640
4556621
234805
599871
2968578
4503214
3290579
3537981
7166216
2287307
2381083
9064086
465317
1569019
6524335
6512809
8280404
8920131
3966711
6042986
2059438
4359124
220285
8804161
8861355
749449
7724990
1495278
2201478
1777062
1863803
6270370
1511037
8047962
6297545
5649484
1041881
3967794
669720
7582878
3209363
6156541
3051002
6434321
9655582
6712785
8764214
1617469
2907362
8507961
7258069
6634917
7969631
1854850
6380176
6828220
672416
3022488
5625508
1711654
9104964
995698
2040659
4073941
7445468
4033471
1991830
4288246
3069599
6584140
1538886
8704696
1193206
6059420
3713959
8084830
988411
9699105
9005087
7171613
2247954
910516
5850
8370154
3569858
4928597
9227035
474051
5641533
7353338
2421713
1304525
7223937
8887227
8764644
7139673
2226726
2677865
3962653
7763406
8169413
4684974
6766460
1767567
4037973
4271909
5286541
4641531
4340719
8114307
5719510
4978140
4125908
1250272
2814075
8384451
8498616
3616731
9438507
8897688
140090
8887977
1737542
8819311
5238478
7494534
4133480
8627377
6543990
4851667
984221
7833446
4794707
7432108
2241126
3853708
6325219
7554836
8861506
3686139
5018142
9853188
2208865
8919216
2451283
9872497
4759827
9886641
4625726
5767083
6879822
2721946
4587208
3154395
3161923
1112377
347788
3379636
8662548
4378451
6853927
5340137
8533369
9793861
4056903
6177122
1736072
5394352
4666868
1979713
7275435
9753029
8981451
219825
9009646
8075783
4688295
3130118
8129144
6281998
9932708
2743628
8420153
533750
6148727
2494773
7854183
1046223
5013373
9161956
3298607
8993441
6407695
3465148
8395040
5817451
1322241
9339413
7565720
5767121
8882276
4578055
3759490
4447701
9226729
6316804
7732865
7825070
3329208
9674523
3214909
4545307
2696878
4954882
535002
3273921
6199094
5816073
2074744
274347
715936
4746111
3858132
6606122
962194
8245813
3203988
8571322
9411623
6208900
6936242
6526701
2099163
2379734
6679833
7302448
7422169
5626737
440838
6572572
7511645
2185654
9501184
5932346
4912145
9568228
695381
2814954
748470
2128014
9214905
1672134
9905794
2489806
9938752
2766385
915208
3764927
2476589
3543776
9261437
7358735
1903609
3449015
1454086
8525838
9224481
6177839
9153525
5827970
6484185
3625024
9335630
9546284
5229837
8816281
8627199
6021141
5529242
537538
8112347
8828999
5883482
9803564
9371306
6108175
9205982
7786925
9759306
8602678
3926127
898276
2114841
4465384
382817
8892098
2281351
533139
5731863
9841209
9121169
7658494
383958
5543444
155143
9553105
1405043
9913222
1160971
5863571
128465
4445361
2732117
4026210
5469158
1507034
2987467
4406496
6855624
2825001
5947123
6400572
9051838
3820662
4657606
2364218
4039246
9328374
6805369
128590
8964290
6109081
3411302
6159605
8386304
171023
422396
8124467
7070146
2368132
4204591
8980594
4862167
6106782
6040493
5633776
5022752
348845
6400528
577474
7506101
6348404
6468203
4530595
7204256
9554408
8515775
7085624
8276634
3601755
9065317
1798605
7876774
9993694
4750484
2761124
3305124
6314398
8502597
7601879
9001075
3682460
1700250
9118539
2940610
3177526
165088
4779409
4164853
9436837
7364469
8443425
5327568
8033461
3360262
4750438
5243554
5416851
1880535
6207614
947491
2783726
9775971
4281180
7738036
2088829
6759253
618812
5718326
1006258
2861436
6732561
6613772
1722111
4180012
8940563
2712516
8171193
9727819
9514527
2914030
9600637
3415938
6657459
4184377
3400469
3732384
7455038
5020331
8669899
3736833
4951093
1417373
6626872
5729334
7254518
3750937
4976865
1818684
8233353
591253
6061613
1397042
1271694
5070403
7563913
8368652
7636513
9032058
2321089
279704
5561762
8558901
9755658
129083
6235008
2523754
9532963
5197659
1653099
3388248
3216401
5986708
9999895
139429
1241472
4286975
6390338
3766880
6113551
1896024
6262079
785888
8631085
5298130
3074801
7695294
6367961
5056865
3852072
4600524
3003759
7343971
9129937
1403020
4859077
6173852
1635446
5796077
213580
1936229
1643712
2586431
8930424
4778249
4769194
1741790
6286336
7620444
6728872
3847872
975323
772080
6112187
259072
6533312
1294532
6085509
4532215
1091701
6468166
5963112
1824382
3518482
8877575
2861790
9870875
2088848
1233801
1252601
7377101
3679044
1002927
582821
6478112
7136486
8163003
4602277
4019630
4048240
4715112
7760236
176313
8444686
9882808
4736357
4695809
7155659
5461840
5282100
7437447
9208659
4953498
4255096
2958701
4535058
33721
671044
4665789
9695552
4821081
7029230
3932610
6097694
2918433
2274412
7848895
5004046
6231527
5790292
9187439
9017200
1006796
6748965
4982657
470152
1417761
9070925
4912183
1683422
4749648
5724712
575712
1620430
2311342
8350494
748698
1774315
6152040
1357462
71133
508066
6137975
6288007
2067596
2456112
4888951
6992722
3807428
1266161
6773318
9455704
3687927
3731291
7625867
6212890
9317920
2962809
6990563
7784526
2171735
1479730
2166129
9104457
8689104
6490835
3067586
706292
6118707
5999097
2142186
5546245
9242178
2795815
9904341
7679116
3309566
7673950
471258
1698957
6892117
8386882
5192032
8238813
2999265
789785
4519936
9884654
5626032
9714859
9508503
6265621
2576760
3272929
6945012
3144864
7534411
9706194
6060973
469684
3515293
7539776
9011646
9486443
6065011
7735072
2937242
4757030
8488003
7231321
7024679
8826936
9140646
4820079
3924307
1666532
3134541
1522729
3321108
9457226
2115485
1029191
2538602
88361
9883357
2840693
6119383
1370229
2948055
5793293
8938888
3420470
8288890
2788921
5337172
97371
9086966
1787742
2917139
600729
9153512
2014457
3722358
2317938
6078104
1811011
6250939
4757898
822533
5906812
4044001
8176255
6328985
2477484
1767225
3752917
5457976
6307326
232453
4732058
1010614
5731712
9459738
9173100
1589072
132478
9030218
9808588
9259904
6031017
3296009
6728302
9466902
7262937
7309260
4424614
2896525
1621802
6248915
8782915
8225027
7631136
9180251
2889434
3140381
8391495
8125676
5942698
4456170
1069652
5281825
5467422
4540438
5207297
3615291
6471383
2548962
8091008
8595010
96120
3344589
1610484
8459516
1472124
8024094
8001226
8819471
7863065
8902343
2287276
3594055
3302933
1797452
1123843
3520301
1937178
3757080
5286650
1637422
8319382
9382236
1048342
5535438
5958672
4625960
8910995
6673345
599756
8116349
5735254
9564874
6252989
5382335
5473432
5626835
3283900
165751
6005561
525270
4761508
1924707
7328622
1612105
845120
2964735
533337
4459298
6470734
1824621
8986393
2242052
9244218
4831427
6621200
3219785
2579052
3664448
6933794
5856554
7530967
5123739
3344011
7411999
7168444
2221078
5678479
443577
7761729
6745557
2224066
144409
3312753
4489762
6682866
5670220
3417491
4047419
9339588
1790166
1778401
2905571
8141298
6541514
6612022
4511318
3679245
3727637
9692896
9082183
2944453
1606742
5378997
1119413
4353225
2247007
848679
6504651
4254400
1430197
4749680
1616243
9844663
1483273
8012341
8373701
3293228
4992166
3558271
754123
5076193
2745686
9279445
3473223
8688107
4123290
2276470
153327
6949019
9576137
9652905
2885337
5993733
7781312
9330817
4993103
1526093
9846102
423925
3017910
4600244
3905500
852771
5379317
7783283
4662662
7787973
4961217
1617865
5778513
2331077
7932421
6161512
5332482
9495973
2145692
2045658
3342656
5387259
8640647
73279
3318277
6728442
1741785
7593651
3301729
6099198
9318662
5228064
578106
1005965
5729159
7231419
3503880
720117
3337803
5258638
8002
3316895
6785277
128004
3660219
9991667
8724069
8761096
6968064
199997
2087280
3846991
9118750
7359780
8830859
7753367
197030
5834528
9581463
3453138
1162553
51888
9924902
745533
8470390
4606218
8792839
9858329
7209521
3868363
1301134
9988298
2974992
4273605
9276717
7916923
7434656
4853042
9466736
3791688
3762609
3783476
9439306
5126714
6508573
3329660
1779061
5058920
8430257
1618795
8816679
6664483
774050
7045735
7007792
1207618
1352282
6192389
932375
2551527
9473093
1816777
4059490
8706972
6251488
878037
9807434
2671384
5044740
6445876
8487420
3808285
3256812
6843117
9826335
4603570
8062807
2722648
9895129
1110490
3474167
4292597
4867227
3440376
6422737
9122167
2914680
4662111
7017332
1714911
7336260
6447743
3937307
1417355
8391297
1108813
5448456
9192061
2985071
4718924
70185
3899929
1438100
9464579
4568931
5274575
3358778
9021404
5700843
8842197
7335685
6875414
271399
9011767
2237892
9202025
7152303
4241569
1981093
3895416
5980568
4733297
2118696
5245182
632344
7383040
1376842
7883301
4055622
6794111
1465100
2795178
8338173
9606663
7913158
2734266
3504198
631237
7033604
1143472
3364225
9898333
9258215
9279697
110765
2643369
3128368
4012138
9094160
8266084
6957157
4736427
9858392
4111247
221147
8948672
5309603
8267445
2116734
113958
9900786
6109513
8367069
8733019
199272
2507380
8226162
5197348
6751718
2388700
5312987
5318200
6524856
7235785
7457542
4131853
8738069
4712414
6662302
7216883
3703970
5607871
3668069
5745389
3786948
529715
9276903
9749775
1335122
3788332
2576784
9873650
2072135
3962283
8141288
2302446
6556026
7074799
3194749
2643762
8853072
5027014
3454487
9311725
7027384
1563975
8926744
9730865
7746238
3710452
1343398
1914870
4121519
7593747
8944985
9813767
4992563
4820898
2248772
7669033
6002557
6662129
7153414
9405697
6209276
9042837
93795
6400625
3187230
8649262
2863400
3624624
5181060
3253304
1989056
152196
3626032
3829032
3502064
1877851
8913368
2484419
3993350
3660335
5465737
3736712
6144776
2910705
5045480
6375540
4359887
6599479
1959668
9608090
2507020
8648626
4447825
8035625
6091319
6776364
4919801
22875
5458601
3153029
2267385
8254651
8625900
7579027
7615778
4559931
7512264
9537918
1966590
6276594
1978130
1484254
1859880
3432288
4246928
3032112
9673388
2541899
6644285
2130141
3919188
8463047
156405
5798064
3497637
7524614
2725345
5340812
3749075
8907195
5276318
883819
7123328
8150120
7024850
5939688
609801
46429
5359078
4316804
9252400
5763886
7744239
2462066
9922297
6091913
8212442
2753293
9788260
9382932
2694065
6861871
6890912
9174858
2922942
6866472
6825069
6414701
86093
2370689
927690
9181334
1502265
9023465
529088
4191689
2093784
5425069
6484792
6434269
5555121
7952105
524839
9495100
4122561
3253721
4030385
8501727
5419340
413124
5562701
2754545
4311755
2537797
9886275
5738168
3592229
9682570
7360571
4877302
6214560
920150
663235
9783184
8717043
8982879
6917424
1238217
9549548
3361586
3079089
1685529
4499063
2602278
8135996
8624197
2486849
4983109
7491896
9368734
3207850
2295126
572491
1024239
4905950
6053976
8784462
8361412
8903707
2839136
4532428
7109533
861692
5018726
9224704
2619729
1243307
5513104
2279806
1018727
4501576
6423632
7874517
7857738
872169
4718454
187151
8369677
3411963
1712144
5130084
4273976
1066116
3795770
4754083
9317754
6469300
5141255
1596929
3211885
1395488
7791242
3812410
4020488
583530
7360322
6789668
2874269
339377
5008784
4331206
7588028
355181
9916091
6951291
3112882
7766648
1353229
3941806
918232
5665904
6728493
190439
8536086
8643313
1385759
6215991